0.04691658776
0.02863313477
0.02200425498
0.01843221495
0.01614212449
0.01452245827
0.01330238959
0.01234211884
0.01156156166
0.01091123625
0.01035875857
0.009465069468
0.008767825367
0.008204427666
0.007737000282
0.007164635455
0.006567556896
0.006206187857
0.00571709059
0.005327872146
0.005008614649
0.004644827601
0.004312607396
0.004042776862
0.003767400505
0.003501095249
0.003267999931
0.003049385371
0.002837195225
0.002646573186
0.002468671539
0.002299559642
0.002142598762
0.00199900658
0.001862714717
0.001736307886
0.001618736548
0.001509424879
0.001408002532
0.00131311573
0.001225033598
0.001142393663
0.001066335726
0.0009949138127
0.0009288297213
0.0008674283014
0.0008106563131
0.00075807493
0.0007095095558
0.000664785924
0.0006239634834
0.0005867722025
0.0005532252443
0.0005232513245
0.0004969833921
0.0004743818354
0.0004555405996
0.0004405576949
0.0004295669979
0.0004226474095
0.0004198891756
0.0004213409255
0.0004270164968
0.0004369073384
0.000450965532
0.0004691511316
0.0004914160961
0.0005177459666
0.0005481665449
0.0005827441063
0.0006216016886
0.0006649317184
0.0007129934825
0.0007661214449
0.0008247425316
0.0008893751976
0.0009606302133
0.001039254996
0.001126121967
0.00122225696
0.001328873773
0.001447386422
0.001579447167
0.001726994328
0.001892272437
0.002077912263
0.002286956999
0.002522949654
0.002789999933
0.003092860716
0.003437036856
0.003828878691
0.004275727175
