1633.016468
1154.710473
942.8154052
816.5013573
730.3006373
666.6700039
617.2163559
577.3529491
544.3335254
516.4000886
492.3681434
452.9128006
421.6388738
396.060772
374.6360067
348.1569164
320.2578473
303.2407275
280.0575011
261.489659
246.1844689
228.6662946
212.5991632
199.5034888
186.0985511
173.098757
161.6923871
150.97242
140.548053
131.1678203
122.4010007
114.0565963
106.3027171
99.20179695
92.4553178
86.19229027
80.36167312
74.93557
69.89603114
65.1759485
60.78864367
56.6659297
52.86419379
49.28541498
45.96362816
42.86456884
39.98381676
37.29692303
34.7921463
32.45700147
30.29051803
28.2734506
26.40046076
24.66037468
23.05278772
21.56610892
20.19577364
18.93707762
17.78907905
16.74743684
15.81220356
14.98239404
14.25986496
13.6455546
13.14272619
12.75400981
12.48258503
12.33098321
12.30106464
12.39373788
12.60882158
12.94527147
13.40147947
13.97570129
14.66663222
15.47372786
16.39739497
17.43964613
18.60394031
19.89544522
21.32132876
22.89070096
24.61486961
26.50769506
28.58557034
30.8681569
33.3784261
36.14345968
39.19497969
42.56999771
46.31182554
50.47090523
55.10619097
