0.02706672015
0.0282195406
0.03007227775
0.03066203831
0.0290568478
0.02557228354
0.02123484777
0.01732427568
0.0147648368
0.01352421883
0.01291522359
0.01247069101
0.013304469
0.01318169312
0.0116529417
0.01042398826
0.01001623059
0.009281544834
0.007648492864
0.007297094653
0.00608137464
0.005782192946
0.005240091384
0.004739052395
0.004391292739
0.004075250144
0.00383572116
0.003596501051
0.003253444385
0.003043248855
0.002815925692
0.002655580547
0.002472883848
0.002312052728
0.002142042786
0.002017109773
0.001878642234
0.001742354084
0.001631303632
0.001516410056
0.001422910332
0.00133081613
0.001250562514
0.001176631436
0.001108686469
0.001047862181
0.0009970467737
0.000953489086
0.0009153297532
0.0008804572795
0.0008491224247
0.0008222675385
0.0007967784439
0.0007764884339
0.000762080477
0.000753512151
0.0007493329013
0.0007478342
0.0007513592339
0.0007596528368
0.0007752804903
0.0008039639467
0.000848131881
0.0009067906395
0.0009789750232
0.001067894448
0.001174300995
0.001298837139
0.001444158696
0.001613345842
0.001809562581
0.002035873031
0.002300529699
0.002606416973
0.0029588081
0.003358732015
0.003812196215
0.004335685347
0.004931407717
0.005602197648
0.006360823642
0.007201543456
0.008121182414
0.009140546505
0.01023635248
0.01141775681
0.01269893861
0.01407915884
0.0156463041
0.01758661554
0.0200270984
0.02313658908
0.02731298909
