1502.672572
1062.532897
867.5531773
751.3247001
672.0076593
613.4589106
567.9552836
531.2761784
500.8945773
475.1928369
453.0810328
416.7784985
388.0039801
364.4703663
344.7583461
320.3964136
294.7285614
279.0727018
257.7444698
240.6628155
226.5830698
210.468071
195.6885137
183.642832
171.3133003
159.3571383
148.8672043
139.0092809
129.4240465
120.7997822
112.7404219
105.0704032
97.94426478
91.41933369
85.22128698
79.46865102
74.11450304
69.13318298
64.50815528
60.17777838
56.15421129
52.37485114
48.89128499
45.61357393
42.5727614
39.73730263
37.10294645
34.64709022
32.35872035
30.22609919
28.24795294
26.40626941
24.69568645
23.10546993
21.63470852
20.27228268
19.01357487
17.85402218
16.79287786
15.82684393
14.95761084
14.18730338
13.52268333
12.97239297
12.55066848
12.27526261
12.16864864
12.25660163
12.5671349
13.12870689
13.96896323
15.11473796
16.59292048
18.43234526
20.6663703
23.33467481
26.48454883
30.17374984
34.47073199
39.45639952
45.22626116
51.89143261
59.58098849
68.44502546
78.65615279
90.41465586
103.9504859
119.5291526
137.4564902
158.0841212
181.8172211
209.1213742
240.5331021
