0.02969189379
0.02746081606
0.0259622938
0.02512127125
0.02435881527
0.02344977649
0.02246638509
0.02160617098
0.02098668234
0.02057839932
0.02030965834
0.02005130026
0.02005243946
0.02003863427
0.01994940911
0.01985224672
0.01976934882
0.01970537913
0.01943419896
0.0189109169
0.01806048756
0.01633380902
0.01362576171
0.01090731106
0.008154635851
0.006343482885
0.005645055968
0.005520442776
0.006157972017
0.006023039371
0.004331185254
0.003670920863
0.00407981346
0.00350869003
0.002932218592
0.003172963345
0.002541726146
0.002476363928
0.002450747426
0.002127580509
0.001939769164
0.001827980732
0.00174080909
0.00151430832
0.001464341587
0.001366476283
0.001263979762
0.001180079213
0.001121672367
0.001084073992
0.001033921928
0.001005765397
0.0009724737302
0.0009440935074
0.0009200481304
0.0009023226646
0.0008887636541
0.0008844540959
0.0008855052405
0.0008896615237
0.000898917559
0.0009124387149
0.0009229075249
0.0009322579398
0.000946359818
0.000964407097
0.0009854161798
0.00101017746
0.001041057372
0.001078830925
0.001122254975
0.001171964054
0.001236785262
0.001325306395
0.001434886158
0.001568805492
0.001731238108
0.001928002853
0.00215606251
0.002409602951
0.002689050972
0.00300444901
0.003359836926
0.003782066743
0.004235058831
0.004682437005
0.005096678785
0.005526378715
0.00594133381
0.006392044998
0.007085180614
0.008167477527
0.009642662752
