1154.415624
729.6104692
570.1837778
482.3546275
425.1745766
384.2751129
353.1989203
328.572517
308.4439739
291.5970036
277.2298004
253.8825896
235.5765716
220.7274645
208.369755
193.1919347
177.3067587
167.6677559
154.5932169
144.1661647
135.599186
125.8225018
116.88112
109.6102393
102.1823734
94.99235555
88.69379849
82.78240358
77.04113151
71.88058307
67.06209326
62.47968823
58.22484081
54.33094519
50.63367883
47.20328203
44.01135975
41.04228593
38.28594025
35.70537765
33.30767713
31.05539759
28.97917631
27.02532471
25.212278
23.52117648
21.94944223
20.48355287
19.11689447
17.84241043
16.65928372
15.55666043
14.53120343
13.57628496
12.69107281
11.86844855
11.10497737
10.39693732
9.742493623
9.137617926
8.580498292
8.068404463
7.600034623
7.173244348
6.787281745
6.440987402
6.133916643
5.865689004
5.636200228
5.445628571
5.294271573
5.182470793
5.110575123
5.078848181
5.087413749
5.136244468
5.225143231
5.353813545
5.521897092
5.729052982
5.975061454
6.25986071
6.583613247
6.946772625
7.350053666
7.794522519
8.281529996
8.812769388
9.390259266
10.0163275
10.69364025
11.42517279
12.21425392
