0.07143779718
0.05024323985
0.04094943614
0.0354311674
0.03167336934
0.02890320804
0.02675223232
0.02501955354
0.02358509127
0.02237207289
0.02132882131
0.01961667244
0.01826008863
0.01715090302
0.01622203866
0.01507429799
0.01386529036
0.0131279856
0.0121236723
0.01131941975
0.01065656194
0.009897940928
0.009202229033
0.008635231857
0.008054890647
0.007492134747
0.006998396422
0.006534406234
0.006083249197
0.005677320448
0.005297978883
0.004936963651
0.004601553237
0.00429445222
0.004002758373
0.003732062097
0.003480170134
0.003245893875
0.003028478283
0.002825054877
0.002636231028
0.002459115153
0.002296178042
0.002143279814
0.002001954562
0.00187083414
0.00174984188
0.001638084537
0.001535240684
0.001440998523
0.001355545109
0.001278383666
0.001209618363
0.00114918399
0.00109742523
0.001054332253
0.001020145802
0.0009950874637
0.0009793976739
0.0009731842048
0.0009765194831
0.0009893804263
0.001011640563
0.001043155403
0.001083688282
0.001133055761
0.001191060445
0.001257588535
0.001332605734
0.001416141685
0.001508315174
0.001609348744
0.001719547336
0.001839302214
0.001969112349
0.002109561689
0.002261299418
0.002425109297
0.002601853766
0.002792500184
0.002998151537
0.003220027237
0.003459489877
0.003718081512
0.003997504663
0.004299702009
0.004626836547
0.004981367917
0.005366085992
0.005784154891
0.006239196489
0.006735345676
0.007277367489
