0.001145344559
0.002290689119
0.003436033678
0.004581378237
0.005726722797
0.006872067356
0.008017411915
0.009162756474
0.01030810103
0.01145344559
0.01259879015
0.01488947927
0.01718016839
0.01947085751
0.02176154663
0.0251975803
0.02977895854
0.03321499222
0.03894171502
0.04466843781
0.05039516061
0.05841257252
0.067575329
0.07673808547
0.08819153107
0.1019356658
0.116825145
0.1340053134
0.1546215155
0.1775284067
0.2038713316
0.2347956347
0.270301316
0.3103883756
0.3573475025
0.4111786968
0.473027303
0.5440386657
0.6253581294
0.7192763832
0.8269387718
0.9517813288
1.093804054
1.258733671
1.447715523
1.665330989
1.915016103
2.202497588
2.533502165
2.914901903
3.352423525
3.856375131
4.435919478
5.103655356
5.869890866
6.751806177
7.766581457
8.934832907
10.27717673
11.82224654
13.59867595
15.64311599
17.99336303
20.69866688
23.8094227
27.38862445
31.50499279
36.2398472
41.68710592
47.95328601
55.16093932
63.45208859
72.98937273
83.95948292
96.57888927
111.0961316
127.7941099
147.0026835
169.0986707
194.5150119
223.7522224
257.3841201
296.0704232
340.5727861
391.7628158
450.6484156
518.3840929
596.3007379
685.9296764
789.0301576
907.628296
1044.051432
1200.980817
