446.4963311
659.2419637
738.6886378
727.361669
680.8430312
624.8336127
571.5429907
526.5901992
491.1952178
463.4732831
440.7401478
404.891701
379.1150078
356.6602972
334.8803097
309.4968466
284.8510825
269.3560722
247.2093465
231.4204089
217.0289906
202.2732021
187.5946867
175.6585204
163.7567219
152.2597744
142.5289602
133.4400884
124.5206628
116.6260167
108.8099225
101.2025537
94.07217554
87.26801214
80.53777635
73.54758286
66.84509254
61.12125573
56.31874258
52.07887512
50.1609281
48.83891656
47.20517297
45.85122585
44.50155773
43.25829295
41.65179875
39.6529067
36.45219492
32.7155751
28.06911607
23.83075382
20.7956065
19.20142936
17.95350171
17.35175994
17.1157014
15.34732513
13.49922327
12.94452479
12.81537326
11.92435545
11.69004128
11.08747422
10.87198684
10.56691319
10.62858827
10.99590694
11.61646192
12.46273824
13.57535893
14.81533293
16.28565448
18.01608544
20.14627682
22.75811316
25.85399686
29.46814631
33.57933273
38.19990419
43.25242004
48.7153683
54.52530791
60.533648
66.73434645
73.21897873
80.32164909
87.93569711
96.70759282
107.337989
121.0844749
139.8155362
165.9843989
