0.02271722386
0.02010568705
0.01820795074
0.01692460754
0.01578805976
0.01460377094
0.01340889802
0.01235083816
0.01153675831
0.01094988832
0.01052470051
0.009968155183
0.009643854313
0.00927288745
0.008804493789
0.008113344429
0.007254117196
0.006707314725
0.005985730629
0.005461088938
0.005015043531
0.004652259327
0.004321567424
0.004015411492
0.003684136404
0.003422542648
0.003234681365
0.00299786538
0.002768522455
0.002601952579
0.002412674716
0.002251177937
0.002114285376
0.001970235759
0.001839764304
0.001723399719
0.001612342819
0.001508732481
0.001416927074
0.001325701591
0.001234854488
0.001144423517
0.00105595879
0.0009741419409
0.0009030542297
0.0008390143505
0.0007816384912
0.0007284080692
0.0006770067983
0.000626847061
0.0005823207401
0.0005469261477
0.0005167694265
0.0004896031246
0.0004646340778
0.0004409745639
0.0004178925613
0.0003990600523
0.0003860082723
0.0003791437625
0.0003781057298
0.0003813265963
0.0003909736569
0.0004045888605
0.0004222761172
0.0004451540385
0.000471440575
0.0004994864759
0.000528554664
0.0005575069909
0.0005862614335
0.0006133977972
0.0006433312293
0.0006812102192
0.0007291911366
0.0007888579312
0.0008604329933
0.0009468371719
0.001053468741
0.001177012777
0.001319400664
0.001484946829
0.001672738092
0.001889482633
0.002114890139
0.0023404887
0.00256391414
0.002801473502
0.003042843593
0.003291919444
0.003618721204
0.004128982439
0.004832436503
