0.1149129122
0.06048728342
0.04224915084
0.0330673463
0.02751411754
0.0237792778
0.02108642485
0.01904694613
0.0174446579
0.01614964272
0.01507907328
0.01340687752
0.01215485633
0.01117759442
0.01039040156
0.009455741883
0.008514936808
0.007962334166
0.007234243685
0.006670792099
0.006218896244
0.00571492509
0.005264534959
0.004905387981
0.00454477685
0.004201501185
0.003905251981
0.003630834455
0.003367524404
0.003133435119
0.00291698971
0.002712994742
0.002525154274
0.00235455928
0.002193740534
0.002045563324
0.001908620793
0.001782105896
0.001665481251
0.001557114364
0.001457260066
0.001364344723
0.00127962986
0.00120094715
0.001129095188
0.001063391666
0.001003829191
0.0009500149803
0.0009018643997
0.0008593209077
0.0008225673949
0.0007915068076
0.000766326242
0.0007471716264
0.0007343387534
0.0007280405017
0.0007285947093
0.0007363517306
0.0007516652071
0.0007749715371
0.0008067189287
0.0008474923245
0.0008979068797
0.0009588320706
0.001031185707
0.001116199054
0.001215268624
0.001330122504
0.0014628241
0.001615771414
0.001791778836
0.001994158393
0.002226744285
0.00249397304
0.002801019262
0.003153847601
0.003559265202
0.004025224604
0.00456082075
0.00517651086
0.005884389784
0.006698326832
0.007634269296
0.008710629155
0.009948475988
0.01137217324
0.01300962677
0.01489300428
0.01705931626
0.01955108015
0.02241726118
0.02571410265
0.02950639899
