488.398462
663.2724879
691.071047
629.6115231
551.6223314
481.8018109
426.343352
384.2740892
352.1042523
326.9144584
306.7222394
275.5534434
251.4210416
232.2555377
216.9282075
198.4784087
179.5283177
168.3559869
153.4617901
141.7917768
132.5736552
122.4276566
113.3667931
105.9300309
98.39686272
91.15370538
84.79474837
78.8440229
73.24853741
68.28330479
63.70280935
59.29558241
55.13577224
51.36385196
47.69937218
43.96257055
40.46037596
37.32457563
34.49461938
32.02244552
30.11580909
28.37994698
26.83256175
25.39112262
23.95476919
22.73449333
21.59056803
20.44249344
19.12015417
17.71431327
16.19988055
14.8612563
13.70860444
12.73953308
11.87523029
11.15782995
10.45499214
9.577321698
8.846135996
8.312906693
7.849150151
7.300681353
6.885577677
6.365076527
6.031581753
5.658848302
5.256515596
4.85103344
4.471330507
4.193168715
4.023123601
3.962402675
3.960549692
4.080973813
4.174602494
4.258085722
4.361114199
4.468207656
4.566158972
4.734157935
4.963946066
5.12086361
5.275123806
5.53300405
5.791125926
6.160380457
6.62010907
6.964791361
6.992310607
7.194355954
7.64729414
8.702565429
11.59289493
