491.4828993
752.5173003
869.6459801
879.9106181
835.139472
764.6677551
689.6384746
625.2116344
577.6757342
544.3449111
519.1017163
481.7423715
460.9289606
438.5166914
408.7435142
376.9460289
350.0310254
330.2747896
299.2668234
281.7484829
261.6231342
245.2966706
228.1148391
213.8182798
199.7743001
185.2513277
173.0641881
161.999721
150.3387235
140.4909171
131.4812882
122.9606665
114.711128
107.0537165
99.3318828
91.98940286
85.06159777
78.95753907
73.52345858
68.45501973
64.49393328
60.83539988
57.27042373
54.05040786
50.91998208
47.88224088
44.86384549
41.92889193
38.59318008
35.42995816
32.18268066
29.26613428
26.78795695
24.94290585
23.19939721
21.5575343
20.28282325
18.64250598
16.95222201
15.76494713
14.81332078
13.58550686
12.69567463
11.89201718
11.18898252
10.46924477
9.940501162
9.649724303
9.378793518
9.229508515
9.332631937
9.516784873
9.682260842
10.03881103
10.71856225
11.70013041
12.92530574
14.33117679
15.96864531
17.68786949
19.47878679
21.44400896
23.73845802
26.06977626
28.78761017
32.28102933
36.27040168
40.40670609
45.50886132
51.36806343
57.83097222
66.60554235
79.4209037
