533.1324408
358.1148283
287.0810274
246.2841827
219.0204664
199.1651928
183.8787657
171.6424969
161.5613698
153.0693624
145.7887577
139.4565996
133.883449
128.9289145
120.4735473
113.4892999
110.4237252
102.5308085
98.12117464
94.23550277
89.18556803
83.56382035
79.98195421
75.85216832
72.30240722
68.49513045
64.63382821
61.35962986
58.53740499
55.31679924
52.57527733
49.93043406
47.4137027
45.04177068
42.6503505
40.45792729
38.44742985
36.4953778
34.63045557
32.86880091
31.15130199
29.56423767
28.05177921
26.62565558
25.2554369
23.98656385
22.76222608
21.5979545
20.48327968
19.44553928
18.45586807
17.5110087
16.6198017
15.7863722
14.9827999
14.23298022
13.52241097
12.85298061
12.22612469
11.63668712
11.09123475
10.58502027
10.12133698
9.703996722
9.337294737
9.023476574
8.769336056
8.582026352
8.469705775
8.441684675
8.50701874
8.674842337
8.954309512
9.353421587
9.879285316
10.53919905
11.33896962
12.28619003
13.38846648
14.65624587
16.10044425
17.73523834
19.57534448
21.64075137
23.95098081
26.53079998
29.40730027
32.61179645
