0.03267172269
0.02868653783
0.02624385934
0.02535053317
0.02509042448
0.02512016097
0.02480285006
0.02422861238
0.02336399172
0.02209122869
0.02019334737
0.01792982944
0.01563556981
0.01345669605
0.009801782661
0.007678594247
0.007047080416
0.006372840654
0.006484293434
0.007065894103
0.008135534739
0.007612660983
0.005975733559
0.004701905376
0.004504650996
0.005276021697
0.00500673261
0.003829688051
0.003865171656
0.004252636018
0.00336695251
0.003772344225
0.003145810495
0.003399448246
0.002900714608
0.002964421739
0.002953365112
0.002682891228
0.002549176313
0.002457794376
0.002413457321
0.002368616959
0.002163543406
0.002136957362
0.001945358618
0.001794799011
0.001644472604
0.00154366776
0.0013767205
0.00127329598
0.001206047602
0.001159632265
0.001136947186
0.001130181367
0.001117655518
0.001085359273
0.001034624576
0.001003078129
0.001003947835
0.001011940037
0.00100383707
0.001012225942
0.001053120797
0.001098239431
0.001158735672
0.001240478678
0.001331669591
0.001442391807
0.001570407804
0.001708689878
0.001855562998
0.002015175135
0.002200170586
0.002410477821
0.002645143933
0.00290641291
0.0032038557
0.003540446554
0.003914237614
0.004324096632
0.004768607391
0.005248399121
0.005767271038
0.006343456565
0.006979277937
0.00766958783
0.008429530432
0.009290357259
