0.03175937379
0.02064565202
0.01633432102
0.01391405317
0.0123189984
0.01116825594
0.01028831205
0.00958756231
0.009012557093
0.008529761373
0.008116941034
0.007758700447
0.007443998642
0.007164685126
0.00668896898
0.006296895475
0.00612504389
0.005683225314
0.005436779728
0.005219840046
0.004938199731
0.004625053368
0.004425737049
0.004196120552
0.003998910932
0.003787552376
0.003573357758
0.003391858158
0.003235506461
0.003057191526
0.002905494531
0.00275923171
0.002620136209
0.002489124187
0.002357124688
0.002236199475
0.002125397696
0.002017914453
0.001915337717
0.001818561683
0.001724352418
0.001637454014
0.001554817987
0.001477101139
0.001402667468
0.001334004282
0.001268061632
0.001205718017
0.001146458941
0.001091776059
0.00104018904
0.0009915982119
0.000946527768
0.0009052387582
0.0008664390375
0.0008313814064
0.000799468538
0.0007708962273
0.0007458238168
0.000724155542
0.0007062313364
0.0006919849351
0.0006816193509
0.0006753031228
0.0006731584522
0.0006752932475
0.0006818425566
0.0006929241096
0.000708672064
0.0007291234744
0.0007544539156
0.0007847509765
0.0008202433951
0.0008611126807
0.0009075934222
0.0009600372318
0.001018746636
0.001084202804
0.001156896339
0.001237498429
0.001326688271
0.001425323365
0.001534267869
0.00165467381
0.001787641534
0.001934555316
0.002096913232
0.002276436637
