539.1412537
405.4212901
290.7352506
241.1925951
219.0931879
205.4771661
182.379747
166.017166
157.1289208
150.7210586
140.8861083
133.2797935
128.7850275
124.8514024
115.1534993
109.3182499
105.8793045
98.45113695
94.2012156
90.94107452
86.3912338
81.22044279
77.74619552
73.56730365
70.08128049
66.26530939
62.35484671
58.75291561
55.68037919
51.66425858
48.26414151
45.16944218
42.62598617
40.36092725
38.29329864
37.4431537
37.11626204
36.71226823
35.99285203
35.47043232
34.87786461
34.20894207
33.90102412
33.38826658
32.93904608
32.08486836
30.5336262
28.78721576
26.41353515
23.69074693
20.70127763
17.68329026
15.44137641
14.15050147
13.46497478
12.53570171
11.91305509
12.17439585
12.10683677
10.64978256
9.130570881
8.513638302
8.480023618
8.614115168
7.426099097
7.072797988
7.333284268
6.666482433
6.965971941
7.291760588
7.633707195
8.021586032
8.773296623
9.394664871
10.1408961
10.9390269
11.79525803
12.79347217
13.8021401
14.96092114
16.17554148
17.55817806
19.11863139
20.71663999
22.58001706
24.86104846
27.50031614
30.32854683
