339.4964158
379.8231063
342.4980851
311.0119624
285.9708657
265.6839163
248.9780572
234.1759499
220.9991053
209.4176315
199.5347457
190.7839091
182.7670366
175.5724833
169.4716289
159.4062465
155.2894355
151.6238611
144.7762957
138.466812
132.9987334
128.1980645
123.8394196
117.8448098
112.6177249
107.6860344
103.331308
99.22151777
93.97863973
89.74398179
85.49712094
82.31994906
79.50510257
76.19312451
73.33638831
70.8658583
69.00950268
66.94015866
64.66862233
61.56666314
58.8744828
56.82665969
55.08925489
53.05096181
51.83757454
50.67235116
49.28420298
48.01538658
46.68103686
44.95755395
43.31401099
41.79843469
39.40948755
37.55208443
35.57738802
33.76211156
31.77000261
30.20397444
28.84768077
27.60463328
26.29301538
24.60053048
23.40786247
22.57060662
21.60451678
20.7522501
19.45030126
18.04361005
17.18765291
16.58168199
15.86617096
15.32499263
14.91805311
14.19215779
13.98980803
13.39336966
12.56059622
12.40154381
12.32780982
11.92833768
11.28847038
11.12626133
