639.2459014
467.8074637
395.2821929
351.2244623
312.9385952
281.6534943
254.0597361
233.4052263
218.6261785
207.9672099
198.4212755
190.6448712
183.7863095
178.0247899
166.5803489
155.5428849
150.8587836
139.6160248
134.1969431
129.0399265
121.5415665
113.5376138
108.8936621
103.0617516
98.30487258
93.23855186
88.12706252
83.72242899
79.42705902
72.86004031
67.5356423
62.4664939
57.9436047
53.75306859
49.53590016
48.2778852
47.74769757
46.84724823
45.61762701
45.00476848
44.06504317
42.61298187
42.13362998
41.25531919
40.69102512
39.65176034
37.50394668
35.47722066
32.70250163
29.11932716
25.39769795
21.42399261
18.53092756
16.63540631
15.53398233
14.40058674
13.82454186
14.46137856
14.70597497
12.98542687
11.16639037
10.9428432
11.35967972
11.93987583
11.15407198
11.22240407
12.02678162
11.83808842
12.40918027
12.94877747
13.63383222
14.27715045
15.26800217
16.13580563
17.28727898
18.64700972
20.18745071
21.83556178
23.63992914
25.55340592
27.77660923
30.26126519
32.82620554
35.4879583
38.55588236
41.88484274
45.62466345
49.86450196
