0.02670940004
0.01949225887
0.01613401969
0.01431546325
0.0129451278
0.01183449661
0.01077821132
0.009882236976
0.009180596318
0.008623662514
0.008125595908
0.00770574303
0.007363774118
0.007082092649
0.00659075202
0.006213584834
0.006036767421
0.005572502823
0.005321004241
0.005126440311
0.004870931997
0.004568862233
0.004346792815
0.004095495393
0.003903704837
0.003701509384
0.003484382363
0.003300395091
0.00315828431
0.003001176854
0.002857074168
0.002734782466
0.002604027536
0.00248465896
0.002354470246
0.002248529164
0.002154262727
0.002056331198
0.001966327141
0.001889521134
0.001819672178
0.001754096831
0.001677625758
0.001598394276
0.00150827668
0.001410927119
0.001306178546
0.001204292977
0.001109260537
0.001030589012
0.0009685721036
0.0009255234778
0.0008901758864
0.0008644184397
0.0008417670849
0.0008144725446
0.0007785741552
0.0007494858117
0.0007300188214
0.000722217013
0.0007100764091
0.0006965073161
0.0006978959679
0.0007003657809
0.0007037318816
0.0007066458273
0.0007094245771
0.0007160608885
0.0007224435665
0.0007306417383
0.0007455310084
0.0007684254253
0.0007969568501
0.0008291828432
0.0008737944904
0.0009320380013
0.0009987115063
0.001072936825
0.001151070329
0.001240780901
0.001343119871
0.001456236062
0.001573290867
0.001692958691
0.001825890069
0.001960359396
0.002084868602
0.002199140428
