540.1435942
332.383082
259.4268641
218.61046
192.0417814
173.862469
159.5330838
148.2845789
139.4767627
131.9573434
125.5855235
119.9558912
115.1430356
110.754439
103.3704432
97.2065487
94.460155
87.30873494
83.37846904
79.9665576
75.4934311
70.77005683
67.7875754
64.39882578
61.55921292
58.50965505
55.4806096
52.71476502
50.09360399
46.74903908
43.93227497
41.25079583
38.86310524
36.69710389
34.65117887
33.15590587
31.85059753
30.52397437
29.13500622
27.64812414
26.20393099
24.98542055
24.04331564
23.09844758
22.15948937
21.26574577
20.34913316
19.44412624
18.3406362
17.26661868
16.13243889
15.06494233
14.11924905
13.43260052
12.76627775
12.20192557
11.79566509
11.58745428
11.38908618
10.92403613
10.4007808
10.07617772
9.754308589
9.383597883
8.797673037
8.296686206
7.905225965
7.368732354
6.874891614
6.557957751
6.415453596
6.271341599
6.152611079
6.085207172
6.239608281
6.476146071
6.663920644
6.837640905
7.09928504
7.455458567
7.779493195
8.021954422
8.383148045
8.842828292
9.427467861
10.08786558
10.7149188
11.44170163
