858.6819794
527.0100837
406.1448064
340.7901274
298.7862786
269.0237393
246.5716369
228.8799757
214.4856922
202.4835809
192.2805229
183.4699533
175.762844
168.9474598
157.3925666
147.9177263
143.7781057
133.171428
127.2768073
122.1003242
115.3967036
107.9644089
103.2449054
97.81816431
93.16568381
88.18756527
83.1508021
78.88890657
75.22169967
71.04375166
67.49288422
64.07192751
60.82081904
57.76036222
54.67822722
51.85559273
49.2697285
46.76140936
44.36730995
42.10792499
39.90734187
37.87599386
35.9422848
34.12118984
32.37391105
30.75843523
29.20254086
27.7262497
26.31661769
25.00849527
23.76581546
22.58508391
21.47796789
20.45009971
19.46793681
18.561708
17.71482635
16.93085663
16.21280051
15.55634529
14.97045607
14.45179409
14.00590949
13.63852745
13.35528299
13.16016811
13.06050125
13.06327223
13.17585384
13.40467092
13.75716539
14.23950411
14.85960633
15.62433928
16.54111024
17.61943447
18.86774227
20.2982199
21.92343242
23.76018821
25.82576496
28.14181842
30.73042058
33.62071918
36.84087277
40.42608336
44.41453139
48.8500481
