384.9905473
437.24734
411.1143851
366.8604352
321.0089822
287.8860317
264.9992382
247.8296268
234.5803682
222.2952802
210.2993807
199.8486326
190.9037067
183.1710172
176.4727344
164.5330953
159.1962879
154.3861306
146.0124135
138.1250999
131.6154629
126.621128
122.415708
116.7011873
111.9150239
107.7155704
104.0389549
100.9113618
97.23465038
93.37725345
88.78923989
85.07931052
81.89019831
78.37091252
75.81125433
73.29946147
71.23399456
69.58321698
67.96349568
66.00601016
64.21583739
62.1439425
60.16523865
58.05728687
56.12449386
54.1904841
51.78276839
49.42451288
47.33369649
45.35892147
43.51699835
41.7704715
39.80702345
37.80208399
35.80677178
33.84244305
31.86716051
30.14045411
28.44343598
26.74877748
25.27154079
23.98187763
23.38408443
23.18487612
22.84495001
22.80251422
22.59757989
22.57937086
22.5284159
22.4535201
22.32044061
21.61819388
20.75269213
20.16684445
19.84697746
20.15171057
20.69758879
21.32888169
22.20736569
23.50718302
25.02574312
26.42100329
