0.03169830691
0.02020173436
0.01584683207
0.01343446729
0.0118581957
0.01072779859
0.009867231068
0.009184242277
0.008625323388
0.008157064
0.007757401426
0.007411110515
0.007107304251
0.006837966004
0.006379880918
0.006002925775
0.005837862422
0.005413931762
0.005177727448
0.004969953013
0.004700413921
0.004400980407
0.004210527819
0.003991247864
0.003803019183
0.003601387813
0.003397154477
0.003224174391
0.003075217984
0.002905399237
0.002760981486
0.002621781711
0.002489444259
0.002364835404
0.002239326658
0.002124385403
0.002019102254
0.001917010066
0.001819619646
0.001727782201
0.001638434293
0.001556080758
0.001477837869
0.001404336984
0.001334044539
0.001269323384
0.001207317419
0.001148883089
0.001093575068
0.001042822883
0.0009952970318
0.0009509760223
0.000910417665
0.0008739342996
0.0008405053754
0.0008113542127
0.0007861301435
0.0007651856538
0.0007488462404
0.0007373038862
0.0007310131666
0.0007302561432
0.000735454842
0.000746973601
0.0007651029173
0.0007903084077
0.0008229301207
0.0008633529317
0.0009120531344
0.0009692707811
0.001035698207
0.001111811786
0.00119847733
0.001296460761
0.001406677032
0.001530329122
0.001668509397
0.001822732242
0.001994531912
0.002185865618
0.002398705703
0.002635444551
0.002898485145
0.003190919988
0.003515712845
0.003876514612
0.004277253668
0.004722407403
