0.005008183799
0.0100163676
0.0150245514
0.0200327352
0.025040919
0.0300491028
0.03505728659
0.04006547039
0.04507365419
0.05008183799
0.05509002179
0.06009820559
0.06510638939
0.07011457319
0.08013094079
0.09014730839
0.09515549218
0.1101800436
0.1201964112
0.1302127788
0.1452373302
0.1652700654
0.1802946168
0.200327352
0.2203600872
0.2454010062
0.275450109
0.3054992117
0.3355483145
0.3756137849
0.4156792553
0.4607529095
0.5108347475
0.5659247693
0.6310311587
0.7011457319
0.7762684889
0.8614076135
0.9565631056
1.061734965
1.181931377
1.312144155
1.457381486
1.617643367
1.797937984
1.993257152
2.213617239
2.459018245
2.734468354
3.034959382
3.370507697
3.746121482
4.161800737
4.617545463
5.133388394
5.699313163
6.330344322
7.031490054
7.807758543
8.67417434
9.630737446
10.6974806
11.88442016
13.20157249
14.65895398
16.28160553
18.0845517
20.08782522
22.31646701
24.78550162
27.52998634
30.57496209
33.96049434
37.72164038
41.89846566
46.54105205
51.69447318
57.41882726
63.7742125
70.83575166
78.67856748
87.3928073
97.0686184
107.821189
119.7606992
133.0223699
147.7514384
164.1131749
