0.09791008488
0.05190440451
0.03646330761
0.02867495099
0.02395490713
0.02077380794
0.01847543674
0.01673117472
0.01535810612
0.01424623446
0.01332538291
0.0125486342
0.01188340691
0.01130635156
0.01035227293
0.009592870102
0.009267579933
0.008452095694
0.008010011884
0.007628273024
0.007142824078
0.006616166524
0.006287923575
0.005916296333
0.005602524967
0.005271607488
0.004941715575
0.004666325587
0.004432030864
0.004168021257
0.003946004855
0.003734104846
0.003534487129
0.003348102837
0.003161860933
0.0029925646
0.002838520315
0.002690056535
0.002549248708
0.002417191904
0.002289386829
0.002172181906
0.002061374741
0.001957798693
0.001859254363
0.001769018437
0.001683091243
0.001602680414
0.001527207038
0.001458653991
0.001395271853
0.001337133222
0.00128508365
0.0012396252
0.001199665615
0.00116687924
0.001141071761
0.001122894449
0.001112937406
0.001111744526
0.001119931749
0.001138180314
0.001167149016
0.001207376485
0.001259275794
0.001323772386
0.001401440381
0.001493026442
0.001599517135
0.001721424865
0.001860261699
0.002017086385
0.002193765638
0.002391951413
0.002613591424
0.002861199457
0.003137053238
0.003444259917
0.003785951172
0.004166086618
0.004588643475
0.005058422495
0.005580236276
0.006160257519
0.00680439687
0.007519922294
0.008314647465
0.009197471134
