530.9946136
333.6235679
260.0226131
219.6327279
193.4064041
174.6829616
160.4770047
149.2321951
140.0495862
132.369838
125.8246728
120.1605851
115.1966953
110.8000656
103.3310383
97.19284868
94.50725512
87.61596705
83.78003265
80.40795535
76.03642154
71.18387167
68.099493
64.55019033
61.50511093
58.2448383
54.94417393
52.14988983
49.74459745
47.00342272
44.67305245
42.42750852
40.29316584
38.28382548
36.2601957
34.40698623
32.70933902
31.06276741
29.49138282
28.00864686
26.56473792
25.23208387
23.96365111
22.76918261
21.62312273
20.56337082
19.54237946
18.57306228
17.64663884
16.78570298
15.96615193
15.1851672
14.44987496
13.76341223
13.1024943
12.48640591
11.90273715
11.35241636
10.83582669
10.34768105
9.892102731
9.463436657
9.062225057
8.688950173
8.343983077
8.024892527
7.732546852
7.46731782
7.229636613
7.021463464
6.843452252
6.697819633
6.586647662
6.512998515
6.48030882
6.492475627
6.553811174
6.669007623
6.842961854
7.081020253
7.388517632
7.771230819
8.23478194
8.785838345
9.43074378
10.17711292
11.03316878
12.00837959
