0.006049161607
0.007146351449
0.007628900043
0.007429826925
0.006764033575
0.006093766569
0.005542737792
0.00510783135
0.004777734955
0.004528356531
0.004343205525
0.004188566413
0.004037057231
0.003897007754
0.003776008642
0.003589451448
0.003515615974
0.003446643952
0.003311089847
0.003178496564
0.003057564783
0.00296000956
0.002869998133
0.002751782339
0.002645101324
0.00254719778
0.002459953292
0.002388603431
0.002308666905
0.002245330154
0.002182853666
0.002138087566
0.002106069531
0.002083579983
0.00207223587
0.002061966781
0.002058218611
0.002062723803
0.00208259671
0.002106053587
0.00213464077
0.002175238888
0.002222722613
0.002282102723
0.002341883042
0.002413751046
0.002494846254
0.002577771153
0.002672804089
0.002774588034
0.002887310852
0.003009692798
0.003137445403
0.003268439071
0.003403081153
0.003543792589
0.003689676599
0.00383868296
0.003994565976
0.004158499377
0.0043318654
0.004520183258
0.004719194246
0.0049276338
0.005148663673
0.005386736878
0.005647750767
0.005934804995
0.006252779597
0.006604227831
0.006992471697
0.007404340391
0.007835157992
0.008280795929
0.008729025341
0.009176176051
0.009593449616
0.009956381665
0.0103105173
0.01062072183
0.0108217673
0.01088985962
