0.006508049611
0.007605212537
0.00792058335
0.00751241076
0.006728204594
0.00605996412
0.005516692884
0.005053060733
0.004714737774
0.004462133542
0.004228252737
0.00401219737
0.003831344001
0.003703277369
0.003625506083
0.00348745644
0.00340776385
0.00332363653
0.003174135918
0.003059653864
0.002983375028
0.002921247299
0.002838337493
0.002747064496
0.002687153147
0.002641993625
0.002591600903
0.002556557157
0.00252007817
0.00248743685
0.002474467451
0.002465683212
0.002456074326
0.002454168759
0.002459522525
0.002465879832
0.002481116082
0.00250046826
0.002528455717
0.002563893763
0.002606571412
0.002667216941
0.002733294081
0.002813806088
0.002899290184
0.002998588965
0.003109430299
0.003229522949
0.003360042883
0.00349257032
0.003637760812
0.003797309035
0.003964505572
0.004139036036
0.004325653583
0.004520754457
0.004729319636
0.004945073441
0.005169122829
0.00540243824
0.005646867438
0.005910464538
0.006188806425
0.00648221261
0.006797935743
0.007133933386
0.007490183937
0.007865578654
0.008263114593
0.00868198532
0.009112212033
0.009534740262
0.009943075419
0.01033215253
0.01070176445
0.0110446238
0.01131799853
0.01147126574
0.01153673739
0.01153955712
0.01145467581
0.01125091972
