0.02653419572
0.01888898879
0.0160738933
0.014356571
0.0127751989
0.01141142216
0.01010935557
0.009116268638
0.008408145132
0.007906171019
0.007472317988
0.007114965177
0.006845985596
0.006646416366
0.006257643197
0.005814622669
0.005614543726
0.005188403358
0.005000859233
0.004856190664
0.00455836185
0.004242630064
0.004083722097
0.003850160519
0.003666961689
0.00348500071
0.003278705571
0.003128649698
0.00299672064
0.002847131168
0.002730671744
0.002620432752
0.002516221553
0.002415482763
0.002311243776
0.00222285413
0.002137578433
0.00205123193
0.00196659767
0.0018880699
0.001808045803
0.001732009467
0.001655867707
0.001576482572
0.001478498461
0.001362355404
0.001240031437
0.001128171535
0.001029997686
0.0009491544093
0.0008923166032
0.0008503102967
0.0008303873777
0.0008240543797
0.0008072782706
0.0007676906522
0.0007313861618
0.000708238765
0.00070519058
0.0007088309559
0.0007001729705
0.0007003851378
0.0007171032733
0.0007285031834
0.0007481120341
0.0007776434346
0.0008111404701
0.0008514397763
0.0009004971832
0.0009574988374
0.00102748328
0.001108029336
0.001202794745
0.001316026934
0.001444143541
0.001590281059
0.001751209939
0.001927201816
0.002119369686
0.002328061468
0.002547961346
0.002781769537
0.003029831434
0.003283692995
0.003550245431
0.003832480049
0.004137718349
0.004455016518
