305.4058461
341.2468373
305.2395463
275.5177379
253.4997524
235.7255473
221.2276013
208.6621334
197.4849894
187.7626754
179.4082361
171.9337142
165.1723979
159.1078092
153.5451492
143.5555309
139.0557702
134.8849886
127.453278
121.2447352
116.0639346
111.4846706
107.4175076
102.397704
98.1499433
94.48590339
91.23827163
88.33762549
84.49788856
81.11595391
77.5343592
74.3831722
71.63711828
68.6985267
66.41737663
64.01138074
61.91243883
59.95736384
58.05811968
56.1185899
54.35141513
52.42843873
50.37811999
48.28432179
46.50311151
44.81119479
43.16871499
41.71207301
40.17923934
38.72212779
37.5632932
36.28503911
34.84313717
33.50663199
31.96009505
30.2014998
28.50030815
26.90313209
25.25607794
23.65681868
21.97606086
20.61731625
19.79177531
19.29766989
18.90875911
18.6065354
18.42020162
18.38154753
18.72228741
18.77144813
19.08844642
19.73017369
20.30751886
20.94765293
21.7845264
22.69294775
23.33905562
23.81167644
24.08113793
24.48906179
24.33035466
24.40785918
