0.01105300851
0.01298400842
0.01346629125
0.01254501175
0.01087615721
0.009432095123
0.008336431203
0.007488400361
0.006898936908
0.006482873171
0.006126787297
0.005798587771
0.005518071082
0.005301056525
0.005137953253
0.004897844027
0.004788444065
0.004663956446
0.00441790863
0.004223300847
0.004095723634
0.003979860783
0.003860229381
0.003737079809
0.003615312854
0.003523205956
0.003439709085
0.003381315389
0.003296594579
0.003221058838
0.003161936564
0.003094282535
0.003030291012
0.002969735767
0.002919276833
0.002866598789
0.002818712685
0.002764971444
0.002719897298
0.002672333628
0.002629887548
0.00258739842
0.002554710112
0.002531668377
0.002519758702
0.002520530839
0.002530255491
0.002559496826
0.002607251939
0.002668437944
0.00274182998
0.002824900109
0.002915966569
0.003011689955
0.003116482055
0.003231376796
0.003355893124
0.003484818072
0.003621480314
0.003767649269
0.003921258046
0.004091566826
0.004270583284
0.004451597377
0.00464139755
0.004844171338
0.005064163973
0.005296188723
0.005546465592
0.005812437367
0.006087073014
0.006363803185
0.006647198873
0.00692943793
0.007206310425
0.007471941206
0.007716916036
0.00791622651
0.008105364703
0.008251512222
0.008335041863
0.008331648589
