0.01469960074
0.01033451025
0.008423800363
0.007290991117
0.006520860175
0.005954240534
0.005515266721
0.005162578612
0.004871453085
0.00462608223
0.004415823876
0.004233215337
0.004072847376
0.003930690168
0.003803671355
0.00358599196
0.003491924447
0.003405965107
0.003254478772
0.003125254732
0.003013805287
0.002916824171
0.002831813086
0.002722636661
0.002631262919
0.002554168864
0.002488737755
0.002432977024
0.002371041808
0.002320759384
0.002271108823
0.002233274501
0.002204947224
0.002181059005
0.002166041318
0.002157427237
0.00215681195
0.002163841102
0.00217876702
0.002201975619
0.002230416182
0.002269610697
0.002312793222
0.00236666432
0.002423060051
0.002489444957
0.002565495888
0.002646413656
0.002735829327
0.002828886999
0.002929235616
0.003040329654
0.003157319604
0.003279619407
0.0034105052
0.003549212928
0.0036986266
0.00385430132
0.004019051892
0.004192078733
0.004372670352
0.004566355168
0.004769040599
0.004980016152
0.005204260608
0.005440740377
0.005691178818
0.005954564186
0.006232494465
0.006524017131
0.006832975298
0.007158304922
0.007503501964
0.007869607256
0.008255537895
0.008666483605
0.009101270764
0.009560866125
0.01005191855
0.01057321548
0.01112739635
0.01172057316
