0.01677500905
0.01088070097
0.008603959085
0.007330383924
0.006494075166
0.005893121951
0.005435643151
0.005073164311
0.004777413022
0.004530654223
0.00432112946
0.00414069551
0.003983510634
0.003845260432
0.003722679707
0.003514972164
0.003426273843
0.003345864933
0.003205878023
0.003088519141
0.002989167717
0.002904429841
0.002831745982
0.002741122183
0.002668278888
0.002609611435
0.00256244035
0.002524723484
0.002486443299
0.002459290215
0.002437735437
0.002427032284
0.002424839676
0.002430989104
0.002444587005
0.002467625718
0.002501029816
0.002539950748
0.002588442225
0.002646373194
0.002707140494
0.002782368524
0.002858977993
0.002949029744
0.003039015667
0.003141100137
0.003254416627
0.003371872855
0.003498866759
0.003628628367
0.003766390349
0.003916797941
0.004073233736
0.004234987052
0.004406383844
0.00458635375
0.004778524806
0.004977080961
0.005185526195
0.005402715163
0.005627627715
0.005866934702
0.00611532607
0.006371732101
0.006641921455
0.006924284004
0.007220477816
0.007528871214
0.007850866301
0.008184856927
0.008534664794
0.008898424849
0.00927930958
0.00967760563
0.01009125142
0.0105248067
0.01097591268
0.01144444636
0.01193584703
0.01244740706
0.01298018732
0.01353828852
