1104.530752
639.1850752
477.0829697
392.3262588
339.2323873
302.3617691
274.9941715
253.7138072
236.5906343
222.4466448
210.519268
200.2914274
191.3991052
183.5779747
176.6310417
164.792899
159.6930722
155.0349769
146.815268
139.7700623
133.645227
128.2572364
123.4698657
117.1951509
111.786745
107.0625933
102.8899672
99.16953739
94.7835297
90.93227899
86.71987079
83.04395421
79.79977564
76.36791406
73.34507942
70.23630245
67.1277388
64.40064878
61.69992481
59.06737299
56.74854112
54.30029772
52.14805395
49.9389837
47.99410326
46.03362498
44.09915524
42.30881157
40.57270397
38.97545879
37.44286952
35.93121229
34.51076127
33.1810262
31.904702
30.69172338
29.52147327
28.43063347
27.39878734
26.43232955
25.53478753
24.682083
23.89616094
23.17932033
22.51674446
21.91546551
21.37449506
20.89888444
20.48793936
20.1446539
19.86632573
19.65577614
19.51223502
19.43697661
19.43053622
19.49289388
19.62358893
19.82127227
20.08736921
20.41945316
20.81646239
21.28000331
