0.03355875765
0.01929596661
0.01435881377
0.01179255674
0.01019372652
0.00908907472
0.008273089669
0.007641545471
0.007135675105
0.006719681109
0.006370433451
0.00607227556
0.00581420319
0.005588237822
0.00538844172
0.005050297749
0.004905681003
0.004774234018
0.004543996683
0.004348699639
0.004180749206
0.004034669443
0.003906400837
0.003740850805
0.003600944111
0.003481272549
0.00337789614
0.00328786772
0.003184771127
0.003097420153
0.003005912096
0.002930128847
0.002866956352
0.002804558473
0.002753984583
0.002706966042
0.00266584151
0.002635397882
0.002611254982
0.002594346947
0.002585666213
0.002583732111
0.002589016696
0.002602189683
0.002621151213
0.002648176199
0.002683662087
0.002725364135
0.002775046722
0.002829881619
0.002891842052
0.002963173809
0.003040788155
0.003124133765
0.003215354485
0.003313875184
0.003421714414
0.003535587766
0.003657437261
0.003786570639
0.003922331073
0.004068772673
0.004222691735
0.004383401908
0.004554553523
0.004735209216
0.004926517949
0.005127522665
0.005339242237
0.005560736446
0.005794688159
0.006040030682
0.00629911328
0.006572390997
0.006858716867
0.007161563613
0.007479650221
0.007813264102
0.008166743852
0.008538679303
0.008930406997
0.009345623109
