563.8888158
398.8140766
325.6993901
282.1237846
252.3927252
230.4508728
213.4013277
199.6610288
188.2821764
178.6580694
170.379944
163.1610055
156.7933024
151.1218836
146.0286075
137.2282493
133.390206
129.8600642
123.5740319
118.1292421
113.3537321
109.1210307
105.3357708
100.3406086
96.00516352
92.1963569
88.81588088
85.78932841
82.20693812
79.04911351
75.5828687
72.54830015
69.86314616
67.01612077
64.50339905
61.91491185
59.3228453
57.04633317
54.7900399
52.58953411
50.65078083
48.6038559
46.80488872
44.95937132
43.3357759
41.70072811
40.08935313
38.600202
37.15855899
35.83467294
34.56692415
33.31927847
32.14976568
31.05776137
30.01248531
29.02199117
28.0693894
27.18441743
26.35032932
25.57218857
24.85271761
24.17267778
23.54975115
22.98589568
22.46986579
22.00787568
21.60016731
21.25186183
20.96410948
20.74103161
20.58350697
20.49645017
20.48354287
20.55022226
20.70097018
20.94289034
21.28060089
21.71904911
22.26963743
22.93615973
23.72611711
24.65285507
