0.003668605275
0.007337210551
0.01100581583
0.0146744211
0.01834302638
0.02201163165
0.02568023693
0.0293488422
0.03301744748
0.03668605275
0.04035465803
0.04402326331
0.04769186858
0.05136047386
0.05502907913
0.06236628968
0.06603489496
0.06970350023
0.07704071079
0.08437792134
0.09171513189
0.09905234244
0.106389553
0.1173953688
0.1284011846
0.1394070005
0.1504128163
0.1614186321
0.1760930532
0.1907674743
0.2091105007
0.2274535271
0.2457965535
0.2678081851
0.2898198168
0.3155000537
0.3448488959
0.3741977381
0.4072151856
0.4439012383
0.4805872911
0.5246105544
0.5686338177
0.6199942916
0.6713547654
0.7300524498
0.7960873448
0.865790845
0.9428315558
1.023540872
1.111587398
1.210639741
1.317029294
1.430756057
1.555488637
1.691227032
1.841639848
2.00305848
2.179151534
2.369919008
2.575360903
2.80281443
3.048610984
3.312750564
3.602570381
3.918070434
4.26291933
4.637117068
5.044332254
5.484564887
5.965152178
6.486094127
7.054727945
7.674722236
8.346077002
9.079798057
9.875885402
10.73800764
11.6808392
12.70438007
13.81596747
15.03027581
