678.844786
480.0540523
391.9937923
339.5037119
303.6856374
277.2479786
256.7023112
240.1422731
226.4264691
214.8242547
204.8433467
196.1383422
188.4587872
181.6180555
175.4738513
164.8555808
160.2237678
155.9629704
148.3743887
141.7996215
136.0315019
130.9176591
126.3431904
120.3045743
115.0613978
110.4532895
106.3617703
102.6971589
98.35752215
94.53016225
90.32648794
86.64387939
83.38313567
79.9232994
76.86728327
73.71640005
70.55801053
67.7811539
65.02583852
62.33523712
59.96150513
57.45164049
55.24224638
52.97171462
50.97042368
48.95091749
46.95604251
45.10780566
43.31360437
41.66104047
40.07346301
38.50544266
37.02974509
35.64587118
34.31489803
33.04698973
31.82032843
30.67316404
29.58392517
28.55923357
27.60284228
26.68902547
25.84132305
25.06264317
24.33738756
23.67390516
23.07214361
22.53920194
22.07630019
21.6893495
21.37844954
21.1505621
21.00940802
20.96174797
21.01377827
21.172589
21.44419465
21.83400399
22.35326919
23.00614748
23.79983103
24.74732916
